(kicad_pcb (version 20171130) (host pcbnew "(5.1.0)-1")

  (general
    (thickness 1.6)
    (drawings 20)
    (tracks 180)
    (zones 0)
    (modules 23)
    (nets 49)
  )

  (page A3)
  (title_block
    (date "15 nov 2012")
  )

  (layers
    (0 F.Cu signal)
    (31 B.Cu signal)
    (32 B.Adhes user)
    (33 F.Adhes user)
    (34 B.Paste user)
    (35 F.Paste user)
    (36 B.SilkS user)
    (37 F.SilkS user)
    (38 B.Mask user)
    (39 F.Mask user)
    (40 Dwgs.User user)
    (41 Cmts.User user)
    (42 Eco1.User user)
    (43 Eco2.User user)
    (44 Edge.Cuts user)
    (45 Margin user)
    (46 B.CrtYd user)
    (47 F.CrtYd user)
    (48 B.Fab user)
    (49 F.Fab user hide)
  )

  (setup
    (last_trace_width 0.25)
    (user_trace_width 0.25)
    (trace_clearance 0.2)
    (zone_clearance 0.3)
    (zone_45_only no)
    (trace_min 0.2)
    (via_size 0.6)
    (via_drill 0.3)
    (via_min_size 0.6)
    (via_min_drill 0.3)
    (uvia_size 0.5)
    (uvia_drill 0.1)
    (uvias_allowed no)
    (uvia_min_size 0.5)
    (uvia_min_drill 0.1)
    (edge_width 0.1)
    (segment_width 0.1)
    (pcb_text_width 0.15)
    (pcb_text_size 1 1)
    (mod_edge_width 0.15)
    (mod_text_size 1 1)
    (mod_text_width 0.15)
    (pad_size 2.5 2.5)
    (pad_drill 2.5)
    (pad_to_mask_clearance 0)
    (solder_mask_min_width 0.1)
    (aux_axis_origin 200 150)
    (visible_elements 7FFFFFFF)
    (pcbplotparams
      (layerselection 0x012f8_ffffffff)
      (usegerberextensions true)
      (usegerberattributes false)
      (usegerberadvancedattributes false)
      (creategerberjobfile false)
      (excludeedgelayer true)
      (linewidth 0.150000)
      (plotframeref false)
      (viasonmask false)
      (mode 1)
      (useauxorigin false)
      (hpglpennumber 1)
      (hpglpenspeed 20)
      (hpglpendiameter 15.000000)
      (psnegative false)
      (psa4output false)
      (plotreference true)
      (plotvalue true)
      (plotinvisibletext false)
      (padsonsilk false)
      (subtractmaskfromsilk false)
      (outputformat 1)
      (mirror false)
      (drillshape 0)
      (scaleselection 1)
      (outputdirectory "gerbers/"))
  )

  (net 0 "")
  (net 1 +5V)
  (net 2 GND)
  (net 3 "Net-(D1-Pad2)")
  (net 4 "Net-(D2-Pad2)")
  (net 5 "Net-(D3-Pad1)")
  (net 6 "Net-(D3-Pad3)")
  (net 7 "Net-(D4-Pad3)")
  (net 8 "Net-(D4-Pad1)")
  (net 9 "Net-(D5-Pad3)")
  (net 10 "Net-(D5-Pad1)")
  (net 11 /LED_READY)
  (net 12 /LED_BOOT)
  (net 13 /LED_940)
  (net 14 /LED_850)
  (net 15 "Net-(D3-Pad2)")
  (net 16 "Net-(D3-Pad4)")
  (net 17 "Net-(D4-Pad4)")
  (net 18 "Net-(D4-Pad2)")
  (net 19 "Net-(D6-Pad1)")
  (net 20 "Net-(D6-Pad3)")
  (net 21 "Net-(D7-Pad1)")
  (net 22 "Net-(D7-Pad3)")
  (net 23 "Net-(J1-Pad1)")
  (net 24 "Net-(J1-Pad3)")
  (net 25 "Net-(J1-Pad5)")
  (net 26 "Net-(J1-Pad10)")
  (net 27 "Net-(J1-Pad11)")
  (net 28 "Net-(J1-Pad13)")
  (net 29 "Net-(J1-Pad15)")
  (net 30 "Net-(J1-Pad16)")
  (net 31 "Net-(J1-Pad17)")
  (net 32 "Net-(J1-Pad18)")
  (net 33 "Net-(J1-Pad19)")
  (net 34 "Net-(J1-Pad21)")
  (net 35 "Net-(J1-Pad22)")
  (net 36 "Net-(J1-Pad23)")
  (net 37 "Net-(J1-Pad24)")
  (net 38 "Net-(J1-Pad26)")
  (net 39 "Net-(J1-Pad27)")
  (net 40 "Net-(J1-Pad28)")
  (net 41 "Net-(J1-Pad29)")
  (net 42 "Net-(J1-Pad31)")
  (net 43 "Net-(J1-Pad32)")
  (net 44 "Net-(J1-Pad35)")
  (net 45 "Net-(J1-Pad36)")
  (net 46 "Net-(J1-Pad37)")
  (net 47 "Net-(J1-Pad38)")
  (net 48 "Net-(J1-Pad40)")

  (net_class Default "This is the default net class."
    (clearance 0.2)
    (trace_width 0.2)
    (via_dia 0.6)
    (via_drill 0.3)
    (uvia_dia 0.5)
    (uvia_drill 0.1)
    (add_net +5V)
    (add_net /LED_850)
    (add_net /LED_940)
    (add_net /LED_BOOT)
    (add_net /LED_READY)
    (add_net GND)
    (add_net "Net-(D1-Pad2)")
    (add_net "Net-(D2-Pad2)")
    (add_net "Net-(D3-Pad1)")
    (add_net "Net-(D3-Pad2)")
    (add_net "Net-(D3-Pad3)")
    (add_net "Net-(D3-Pad4)")
    (add_net "Net-(D4-Pad1)")
    (add_net "Net-(D4-Pad2)")
    (add_net "Net-(D4-Pad3)")
    (add_net "Net-(D4-Pad4)")
    (add_net "Net-(D5-Pad1)")
    (add_net "Net-(D5-Pad3)")
    (add_net "Net-(D6-Pad1)")
    (add_net "Net-(D6-Pad3)")
    (add_net "Net-(D7-Pad1)")
    (add_net "Net-(D7-Pad3)")
    (add_net "Net-(J1-Pad1)")
    (add_net "Net-(J1-Pad10)")
    (add_net "Net-(J1-Pad11)")
    (add_net "Net-(J1-Pad13)")
    (add_net "Net-(J1-Pad15)")
    (add_net "Net-(J1-Pad16)")
    (add_net "Net-(J1-Pad17)")
    (add_net "Net-(J1-Pad18)")
    (add_net "Net-(J1-Pad19)")
    (add_net "Net-(J1-Pad21)")
    (add_net "Net-(J1-Pad22)")
    (add_net "Net-(J1-Pad23)")
    (add_net "Net-(J1-Pad24)")
    (add_net "Net-(J1-Pad26)")
    (add_net "Net-(J1-Pad27)")
    (add_net "Net-(J1-Pad28)")
    (add_net "Net-(J1-Pad29)")
    (add_net "Net-(J1-Pad3)")
    (add_net "Net-(J1-Pad31)")
    (add_net "Net-(J1-Pad32)")
    (add_net "Net-(J1-Pad35)")
    (add_net "Net-(J1-Pad36)")
    (add_net "Net-(J1-Pad37)")
    (add_net "Net-(J1-Pad38)")
    (add_net "Net-(J1-Pad40)")
    (add_net "Net-(J1-Pad5)")
  )

  (net_class Power ""
    (clearance 0.2)
    (trace_width 0.5)
    (via_dia 1)
    (via_drill 0.7)
    (uvia_dia 0.5)
    (uvia_drill 0.1)
  )

  (module Connector_PinSocket_2.54mm:PinSocket_2x20_P2.54mm_Vertical (layer B.Cu) (tedit 5C944185) (tstamp 5C90A125)
    (at 208.37 98.77 270)
    (descr "Through hole straight socket strip, 2x20, 2.54mm pitch, double cols (from Kicad 4.0.7), script generated")
    (tags "Through hole socket strip THT 2x20 2.54mm double row")
    (path /5D30B49A)
    (fp_text reference J1 (at -1.27 2.77 270) (layer B.Fab)
      (effects (font (size 1 1) (thickness 0.15)) (justify mirror))
    )
    (fp_text value Raspberry_Pi_2_3 (at -1.27 -51.03 270) (layer B.Fab)
      (effects (font (size 1 1) (thickness 0.15)) (justify mirror))
    )
    (fp_line (start -3.81 1.27) (end 0.27 1.27) (layer B.Fab) (width 0.1))
    (fp_line (start 0.27 1.27) (end 1.27 0.27) (layer B.Fab) (width 0.1))
    (fp_line (start 1.27 0.27) (end 1.27 -49.53) (layer B.Fab) (width 0.1))
    (fp_line (start 1.27 -49.53) (end -3.81 -49.53) (layer B.Fab) (width 0.1))
    (fp_line (start -3.81 -49.53) (end -3.81 1.27) (layer B.Fab) (width 0.1))
    (fp_line (start -3.87 1.33) (end -1.27 1.33) (layer B.SilkS) (width 0.12))
    (fp_line (start -3.87 1.33) (end -3.87 -49.59) (layer B.SilkS) (width 0.12))
    (fp_line (start -3.87 -49.59) (end 1.33 -49.59) (layer B.SilkS) (width 0.12))
    (fp_line (start 1.33 -1.27) (end 1.33 -49.59) (layer B.SilkS) (width 0.12))
    (fp_line (start -1.27 -1.27) (end 1.33 -1.27) (layer B.SilkS) (width 0.12))
    (fp_line (start -1.27 1.33) (end -1.27 -1.27) (layer B.SilkS) (width 0.12))
    (fp_line (start 1.33 1.33) (end 1.33 0) (layer B.SilkS) (width 0.12))
    (fp_line (start 0 1.33) (end 1.33 1.33) (layer B.SilkS) (width 0.12))
    (fp_line (start -4.34 1.8) (end 1.76 1.8) (layer B.CrtYd) (width 0.05))
    (fp_line (start 1.76 1.8) (end 1.76 -50) (layer B.CrtYd) (width 0.05))
    (fp_line (start 1.76 -50) (end -4.34 -50) (layer B.CrtYd) (width 0.05))
    (fp_line (start -4.34 -50) (end -4.34 1.8) (layer B.CrtYd) (width 0.05))
    (fp_text user %R (at -1.27 -24.13 180) (layer B.Fab)
      (effects (font (size 1 1) (thickness 0.15)) (justify mirror))
    )
    (pad 1 thru_hole rect (at 0 0 270) (size 1.7 1.7) (drill 1) (layers *.Cu *.Mask)
      (net 23 "Net-(J1-Pad1)"))
    (pad 2 thru_hole oval (at -2.54 0 270) (size 1.7 1.7) (drill 1) (layers *.Cu *.Mask)
      (net 1 +5V))
    (pad 3 thru_hole oval (at 0 -2.54 270) (size 1.7 1.7) (drill 1) (layers *.Cu *.Mask)
      (net 24 "Net-(J1-Pad3)"))
    (pad 4 thru_hole oval (at -2.54 -2.54 270) (size 1.7 1.7) (drill 1) (layers *.Cu *.Mask)
      (net 1 +5V))
    (pad 5 thru_hole oval (at 0 -5.08 270) (size 1.7 1.7) (drill 1) (layers *.Cu *.Mask)
      (net 25 "Net-(J1-Pad5)"))
    (pad 6 thru_hole oval (at -2.54 -5.08 270) (size 1.7 1.7) (drill 1) (layers *.Cu *.Mask)
      (net 2 GND))
    (pad 7 thru_hole oval (at 0 -7.62 270) (size 1.7 1.7) (drill 1) (layers *.Cu *.Mask)
      (net 11 /LED_READY))
    (pad 8 thru_hole oval (at -2.54 -7.62 270) (size 1.7 1.7) (drill 1) (layers *.Cu *.Mask)
      (net 12 /LED_BOOT))
    (pad 9 thru_hole oval (at 0 -10.16 270) (size 1.7 1.7) (drill 1) (layers *.Cu *.Mask)
      (net 2 GND))
    (pad 10 thru_hole oval (at -2.54 -10.16 270) (size 1.7 1.7) (drill 1) (layers *.Cu *.Mask)
      (net 26 "Net-(J1-Pad10)"))
    (pad 11 thru_hole oval (at 0 -12.7 270) (size 1.7 1.7) (drill 1) (layers *.Cu *.Mask)
      (net 27 "Net-(J1-Pad11)"))
    (pad 12 thru_hole oval (at -2.54 -12.7 270) (size 1.7 1.7) (drill 1) (layers *.Cu *.Mask)
      (net 13 /LED_940))
    (pad 13 thru_hole oval (at 0 -15.24 270) (size 1.7 1.7) (drill 1) (layers *.Cu *.Mask)
      (net 28 "Net-(J1-Pad13)"))
    (pad 14 thru_hole oval (at -2.54 -15.24 270) (size 1.7 1.7) (drill 1) (layers *.Cu *.Mask)
      (net 2 GND))
    (pad 15 thru_hole oval (at 0 -17.78 270) (size 1.7 1.7) (drill 1) (layers *.Cu *.Mask)
      (net 29 "Net-(J1-Pad15)"))
    (pad 16 thru_hole oval (at -2.54 -17.78 270) (size 1.7 1.7) (drill 1) (layers *.Cu *.Mask)
      (net 30 "Net-(J1-Pad16)"))
    (pad 17 thru_hole oval (at 0 -20.32 270) (size 1.7 1.7) (drill 1) (layers *.Cu *.Mask)
      (net 31 "Net-(J1-Pad17)"))
    (pad 18 thru_hole oval (at -2.54 -20.32 270) (size 1.7 1.7) (drill 1) (layers *.Cu *.Mask)
      (net 32 "Net-(J1-Pad18)"))
    (pad 19 thru_hole oval (at 0 -22.86 270) (size 1.7 1.7) (drill 1) (layers *.Cu *.Mask)
      (net 33 "Net-(J1-Pad19)"))
    (pad 20 thru_hole oval (at -2.54 -22.86 270) (size 1.7 1.7) (drill 1) (layers *.Cu *.Mask)
      (net 2 GND))
    (pad 21 thru_hole oval (at 0 -25.4 270) (size 1.7 1.7) (drill 1) (layers *.Cu *.Mask)
      (net 34 "Net-(J1-Pad21)"))
    (pad 22 thru_hole oval (at -2.54 -25.4 270) (size 1.7 1.7) (drill 1) (layers *.Cu *.Mask)
      (net 35 "Net-(J1-Pad22)"))
    (pad 23 thru_hole oval (at 0 -27.94 270) (size 1.7 1.7) (drill 1) (layers *.Cu *.Mask)
      (net 36 "Net-(J1-Pad23)"))
    (pad 24 thru_hole oval (at -2.54 -27.94 270) (size 1.7 1.7) (drill 1) (layers *.Cu *.Mask)
      (net 37 "Net-(J1-Pad24)"))
    (pad 25 thru_hole oval (at 0 -30.48 270) (size 1.7 1.7) (drill 1) (layers *.Cu *.Mask)
      (net 2 GND))
    (pad 26 thru_hole oval (at -2.54 -30.48 270) (size 1.7 1.7) (drill 1) (layers *.Cu *.Mask)
      (net 38 "Net-(J1-Pad26)"))
    (pad 27 thru_hole oval (at 0 -33.02 270) (size 1.7 1.7) (drill 1) (layers *.Cu *.Mask)
      (net 39 "Net-(J1-Pad27)"))
    (pad 28 thru_hole oval (at -2.54 -33.02 270) (size 1.7 1.7) (drill 1) (layers *.Cu *.Mask)
      (net 40 "Net-(J1-Pad28)"))
    (pad 29 thru_hole oval (at 0 -35.56 270) (size 1.7 1.7) (drill 1) (layers *.Cu *.Mask)
      (net 41 "Net-(J1-Pad29)"))
    (pad 30 thru_hole oval (at -2.54 -35.56 270) (size 1.7 1.7) (drill 1) (layers *.Cu *.Mask)
      (net 2 GND))
    (pad 31 thru_hole oval (at 0 -38.1 270) (size 1.7 1.7) (drill 1) (layers *.Cu *.Mask)
      (net 42 "Net-(J1-Pad31)"))
    (pad 32 thru_hole oval (at -2.54 -38.1 270) (size 1.7 1.7) (drill 1) (layers *.Cu *.Mask)
      (net 43 "Net-(J1-Pad32)"))
    (pad 33 thru_hole oval (at 0 -40.64 270) (size 1.7 1.7) (drill 1) (layers *.Cu *.Mask)
      (net 14 /LED_850))
    (pad 34 thru_hole oval (at -2.54 -40.64 270) (size 1.7 1.7) (drill 1) (layers *.Cu *.Mask)
      (net 2 GND))
    (pad 35 thru_hole oval (at 0 -43.18 270) (size 1.7 1.7) (drill 1) (layers *.Cu *.Mask)
      (net 44 "Net-(J1-Pad35)"))
    (pad 36 thru_hole oval (at -2.54 -43.18 270) (size 1.7 1.7) (drill 1) (layers *.Cu *.Mask)
      (net 45 "Net-(J1-Pad36)"))
    (pad 37 thru_hole oval (at 0 -45.72 270) (size 1.7 1.7) (drill 1) (layers *.Cu *.Mask)
      (net 46 "Net-(J1-Pad37)"))
    (pad 38 thru_hole oval (at -2.54 -45.72 270) (size 1.7 1.7) (drill 1) (layers *.Cu *.Mask)
      (net 47 "Net-(J1-Pad38)"))
    (pad 39 thru_hole oval (at 0 -48.26 270) (size 1.7 1.7) (drill 1) (layers *.Cu *.Mask)
      (net 2 GND))
    (pad 40 thru_hole oval (at -2.54 -48.26 270) (size 1.7 1.7) (drill 1) (layers *.Cu *.Mask)
      (net 48 "Net-(J1-Pad40)"))
    (model ${KISYS3DMOD}/Connector_PinSocket_2.54mm.3dshapes/PinSocket_2x20_P2.54mm_Vertical.wrl
      (at (xyz 0 0 0))
      (scale (xyz 1 1 1))
      (rotate (xyz 0 0 0))
    )
  )

  (module VeinCam_Footprints:SFH7252 (layer F.Cu) (tedit 5C8EF651) (tstamp 5CA851F7)
    (at 205 135 45)
    (path /5C89C23B)
    (attr smd)
    (fp_text reference D3 (at -2.8 0 135) (layer F.SilkS)
      (effects (font (size 1 1) (thickness 0.15)))
    )
    (fp_text value SFH7252 (at 0 0 45) (layer F.Fab)
      (effects (font (size 1 1) (thickness 0.15)))
    )
    (fp_line (start -1 2.75) (end -1.8 1.95) (layer F.SilkS) (width 0.15))
    (fp_line (start -1.8 1.95) (end -1.8 -2.75) (layer F.SilkS) (width 0.15))
    (fp_line (start -1.8 -2.75) (end 1.8 -2.75) (layer F.SilkS) (width 0.15))
    (fp_line (start 1.8 -2.75) (end 1.8 2.75) (layer F.SilkS) (width 0.15))
    (fp_line (start 1.8 2.75) (end -1 2.75) (layer F.SilkS) (width 0.15))
    (fp_line (start -1.95 -2.9) (end 1.95 -2.9) (layer F.CrtYd) (width 0.05))
    (fp_line (start 1.95 -2.9) (end 1.95 2.9) (layer F.CrtYd) (width 0.05))
    (fp_line (start 1.95 2.9) (end -1.95 2.9) (layer F.CrtYd) (width 0.05))
    (fp_line (start -1.95 2.9) (end -1.95 -2.9) (layer F.CrtYd) (width 0.05))
    (pad 2 smd rect (at -0.750001 -1.4 45) (size 1.1 1.7) (layers F.Cu F.Paste F.Mask)
      (net 15 "Net-(D3-Pad2)"))
    (pad 1 smd rect (at -0.750001 1.4 45) (size 1.1 1.7) (layers F.Cu F.Paste F.Mask)
      (net 5 "Net-(D3-Pad1)"))
    (pad 3 smd rect (at 0.750001 -1.4 45) (size 1.1 1.7) (layers F.Cu F.Paste F.Mask)
      (net 6 "Net-(D3-Pad3)"))
    (pad 4 smd rect (at 0.750001 1.4 45) (size 1.1 1.7) (layers F.Cu F.Paste F.Mask)
      (net 16 "Net-(D3-Pad4)"))
    (model "C:/Users/Josh Johnson/Dropbox/ENGN4221/VeinCam2019/Hardware/Library/VeinCam.3dshapes/PLCC4.STEP"
      (at (xyz 0 0 0))
      (scale (xyz 1.1 1 1))
      (rotate (xyz 0 0 -90))
    )
  )

  (module VeinCam_Footprints:SFH7252 (layer F.Cu) (tedit 5C8EF651) (tstamp 5CA85208)
    (at 222 145 90)
    (path /5C89C451)
    (attr smd)
    (fp_text reference D4 (at -2.8 0 180) (layer F.SilkS)
      (effects (font (size 1 1) (thickness 0.15)))
    )
    (fp_text value SFH7252 (at 0 0 90) (layer F.Fab)
      (effects (font (size 1 1) (thickness 0.15)))
    )
    (fp_line (start -1.95 2.9) (end -1.95 -2.9) (layer F.CrtYd) (width 0.05))
    (fp_line (start 1.95 2.9) (end -1.95 2.9) (layer F.CrtYd) (width 0.05))
    (fp_line (start 1.95 -2.9) (end 1.95 2.9) (layer F.CrtYd) (width 0.05))
    (fp_line (start -1.95 -2.9) (end 1.95 -2.9) (layer F.CrtYd) (width 0.05))
    (fp_line (start 1.8 2.75) (end -1 2.75) (layer F.SilkS) (width 0.15))
    (fp_line (start 1.8 -2.75) (end 1.8 2.75) (layer F.SilkS) (width 0.15))
    (fp_line (start -1.8 -2.75) (end 1.8 -2.75) (layer F.SilkS) (width 0.15))
    (fp_line (start -1.8 1.95) (end -1.8 -2.75) (layer F.SilkS) (width 0.15))
    (fp_line (start -1 2.75) (end -1.8 1.95) (layer F.SilkS) (width 0.15))
    (pad 4 smd rect (at 0.750001 1.4 90) (size 1.1 1.7) (layers F.Cu F.Paste F.Mask)
      (net 17 "Net-(D4-Pad4)"))
    (pad 3 smd rect (at 0.750001 -1.4 90) (size 1.1 1.7) (layers F.Cu F.Paste F.Mask)
      (net 7 "Net-(D4-Pad3)"))
    (pad 1 smd rect (at -0.750001 1.4 90) (size 1.1 1.7) (layers F.Cu F.Paste F.Mask)
      (net 8 "Net-(D4-Pad1)"))
    (pad 2 smd rect (at -0.750001 -1.4 90) (size 1.1 1.7) (layers F.Cu F.Paste F.Mask)
      (net 18 "Net-(D4-Pad2)"))
    (model "C:/Users/Josh Johnson/Dropbox/ENGN4221/VeinCam2019/Hardware/Library/VeinCam.3dshapes/PLCC4.STEP"
      (at (xyz 0 0 0))
      (scale (xyz 1.1 1 1))
      (rotate (xyz 0 0 -90))
    )
  )

  (module VeinCam_Footprints:SFH7252 (layer F.Cu) (tedit 5C8EF651) (tstamp 5C9D38F7)
    (at 205 114 135)
    (path /5C89C6B9)
    (attr smd)
    (fp_text reference D5 (at -2.8 0 225) (layer F.SilkS)
      (effects (font (size 1 1) (thickness 0.15)))
    )
    (fp_text value SFH7252 (at 0 0 135) (layer F.Fab)
      (effects (font (size 1 1) (thickness 0.15)))
    )
    (fp_line (start -1.95 2.9) (end -1.95 -2.9) (layer F.CrtYd) (width 0.05))
    (fp_line (start 1.95 2.9) (end -1.95 2.9) (layer F.CrtYd) (width 0.05))
    (fp_line (start 1.95 -2.9) (end 1.95 2.9) (layer F.CrtYd) (width 0.05))
    (fp_line (start -1.95 -2.9) (end 1.95 -2.9) (layer F.CrtYd) (width 0.05))
    (fp_line (start 1.8 2.75) (end -1 2.75) (layer F.SilkS) (width 0.15))
    (fp_line (start 1.8 -2.75) (end 1.8 2.75) (layer F.SilkS) (width 0.15))
    (fp_line (start -1.8 -2.75) (end 1.8 -2.75) (layer F.SilkS) (width 0.15))
    (fp_line (start -1.8 1.95) (end -1.8 -2.75) (layer F.SilkS) (width 0.15))
    (fp_line (start -1 2.75) (end -1.8 1.95) (layer F.SilkS) (width 0.15))
    (pad 4 smd rect (at 0.750001 1.4 135) (size 1.1 1.7) (layers F.Cu F.Paste F.Mask)
      (net 6 "Net-(D3-Pad3)"))
    (pad 3 smd rect (at 0.750001 -1.4 135) (size 1.1 1.7) (layers F.Cu F.Paste F.Mask)
      (net 9 "Net-(D5-Pad3)"))
    (pad 1 smd rect (at -0.750001 1.4 135) (size 1.1 1.7) (layers F.Cu F.Paste F.Mask)
      (net 10 "Net-(D5-Pad1)"))
    (pad 2 smd rect (at -0.750001 -1.4 135) (size 1.1 1.7) (layers F.Cu F.Paste F.Mask)
      (net 5 "Net-(D3-Pad1)"))
    (model "C:/Users/Josh Johnson/Dropbox/ENGN4221/VeinCam2019/Hardware/Library/VeinCam.3dshapes/PLCC4.STEP"
      (at (xyz 0 0 0))
      (scale (xyz 1.1 1 1))
      (rotate (xyz 0 0 -90))
    )
  )

  (module VeinCam_Footprints:SFH7252 (layer F.Cu) (tedit 5C8EF651) (tstamp 5C9D4212)
    (at 239 135 135)
    (path /5C89C4E7)
    (attr smd)
    (fp_text reference D6 (at -2.8 0 225) (layer F.SilkS)
      (effects (font (size 1 1) (thickness 0.15)))
    )
    (fp_text value SFH7252 (at 0 0 135) (layer F.Fab)
      (effects (font (size 1 1) (thickness 0.15)))
    )
    (fp_line (start -1 2.75) (end -1.8 1.95) (layer F.SilkS) (width 0.15))
    (fp_line (start -1.8 1.95) (end -1.8 -2.75) (layer F.SilkS) (width 0.15))
    (fp_line (start -1.8 -2.75) (end 1.8 -2.75) (layer F.SilkS) (width 0.15))
    (fp_line (start 1.8 -2.75) (end 1.8 2.75) (layer F.SilkS) (width 0.15))
    (fp_line (start 1.8 2.75) (end -1 2.75) (layer F.SilkS) (width 0.15))
    (fp_line (start -1.95 -2.9) (end 1.95 -2.9) (layer F.CrtYd) (width 0.05))
    (fp_line (start 1.95 -2.9) (end 1.95 2.9) (layer F.CrtYd) (width 0.05))
    (fp_line (start 1.95 2.9) (end -1.95 2.9) (layer F.CrtYd) (width 0.05))
    (fp_line (start -1.95 2.9) (end -1.95 -2.9) (layer F.CrtYd) (width 0.05))
    (pad 2 smd rect (at -0.750001 -1.4 135) (size 1.1 1.7) (layers F.Cu F.Paste F.Mask)
      (net 8 "Net-(D4-Pad1)"))
    (pad 1 smd rect (at -0.750001 1.4 135) (size 1.1 1.7) (layers F.Cu F.Paste F.Mask)
      (net 19 "Net-(D6-Pad1)"))
    (pad 3 smd rect (at 0.750001 -1.4 135) (size 1.1 1.7) (layers F.Cu F.Paste F.Mask)
      (net 20 "Net-(D6-Pad3)"))
    (pad 4 smd rect (at 0.750001 1.4 135) (size 1.1 1.7) (layers F.Cu F.Paste F.Mask)
      (net 7 "Net-(D4-Pad3)"))
    (model "C:/Users/Josh Johnson/Dropbox/ENGN4221/VeinCam2019/Hardware/Library/VeinCam.3dshapes/PLCC4.STEP"
      (at (xyz 0 0 0))
      (scale (xyz 1.1 1 1))
      (rotate (xyz 0 0 -90))
    )
  )

  (module MountingHole:MountingHole_2.7mm_M2.5 (layer F.Cu) (tedit 5C8F2E73) (tstamp 5C90A05D)
    (at 203.5 97.5)
    (descr "Mounting Hole 2.7mm, no annular, M2.5")
    (tags "mounting hole 2.7mm no annular m2.5")
    (path /5C8828F4)
    (attr virtual)
    (fp_text reference H1 (at 0 -3.7) (layer F.Fab)
      (effects (font (size 1 1) (thickness 0.15)))
    )
    (fp_text value MountingHole (at 0 3.7) (layer F.Fab)
      (effects (font (size 1 1) (thickness 0.15)))
    )
    (fp_circle (center 0 0) (end 2.95 0) (layer F.CrtYd) (width 0.05))
    (fp_circle (center 0 0) (end 2.7 0) (layer Cmts.User) (width 0.15))
    (fp_text user %R (at 0.3 0) (layer F.Fab)
      (effects (font (size 1 1) (thickness 0.15)))
    )
    (pad 1 np_thru_hole circle (at 0 0) (size 2.7 2.7) (drill 2.7) (layers *.Cu *.Mask))
  )

  (module MountingHole:MountingHole_2.7mm_M2.5 (layer F.Cu) (tedit 5C8F2E77) (tstamp 5CA852AC)
    (at 203.5 146.5)
    (descr "Mounting Hole 2.7mm, no annular, M2.5")
    (tags "mounting hole 2.7mm no annular m2.5")
    (path /5C882948)
    (attr virtual)
    (fp_text reference H2 (at 0 -3.7) (layer F.Fab)
      (effects (font (size 1 1) (thickness 0.15)))
    )
    (fp_text value MountingHole (at 0 3.7) (layer F.Fab)
      (effects (font (size 1 1) (thickness 0.15)))
    )
    (fp_text user %R (at 0.3 0) (layer F.Fab)
      (effects (font (size 1 1) (thickness 0.15)))
    )
    (fp_circle (center 0 0) (end 2.7 0) (layer Cmts.User) (width 0.15))
    (fp_circle (center 0 0) (end 2.95 0) (layer F.CrtYd) (width 0.05))
    (pad 1 np_thru_hole circle (at 0 0) (size 2.7 2.7) (drill 2.7) (layers *.Cu *.Mask))
  )

  (module MountingHole:MountingHole_2.7mm_M2.5 (layer F.Cu) (tedit 5C8F2E68) (tstamp 5CA852B4)
    (at 261.5 146.5)
    (descr "Mounting Hole 2.7mm, no annular, M2.5")
    (tags "mounting hole 2.7mm no annular m2.5")
    (path /5C88296E)
    (attr virtual)
    (fp_text reference H3 (at 0 -3.7) (layer F.Fab)
      (effects (font (size 1 1) (thickness 0.15)))
    )
    (fp_text value MountingHole (at 0 3.7) (layer F.Fab)
      (effects (font (size 1 1) (thickness 0.15)))
    )
    (fp_text user %R (at 0.3 0) (layer F.Fab)
      (effects (font (size 1 1) (thickness 0.15)))
    )
    (fp_circle (center 0 0) (end 2.7 0) (layer Cmts.User) (width 0.15))
    (fp_circle (center 0 0) (end 2.95 0) (layer F.CrtYd) (width 0.05))
    (pad 1 np_thru_hole circle (at 0 0) (size 2.7 2.7) (drill 2.7) (layers *.Cu *.Mask))
  )

  (module MountingHole:MountingHole_2.7mm_M2.5 (layer F.Cu) (tedit 5C8F2E6D) (tstamp 5CA852BC)
    (at 261.5 97.5)
    (descr "Mounting Hole 2.7mm, no annular, M2.5")
    (tags "mounting hole 2.7mm no annular m2.5")
    (path /5C882996)
    (attr virtual)
    (fp_text reference H4 (at 0 -3.7) (layer F.Fab)
      (effects (font (size 1 1) (thickness 0.15)))
    )
    (fp_text value MountingHole (at 0 3.7) (layer F.Fab)
      (effects (font (size 1 1) (thickness 0.15)))
    )
    (fp_circle (center 0 0) (end 2.95 0) (layer F.CrtYd) (width 0.05))
    (fp_circle (center 0 0) (end 2.7 0) (layer Cmts.User) (width 0.15))
    (fp_text user %R (at 0.3 0) (layer F.Fab)
      (effects (font (size 1 1) (thickness 0.15)))
    )
    (pad 1 np_thru_hole circle (at 0 0) (size 2.7 2.7) (drill 2.7) (layers *.Cu *.Mask))
  )

  (module Package_TO_SOT_SMD:SOT-363_SC-70-6 (layer F.Cu) (tedit 5A02FF57) (tstamp 5CA85332)
    (at 230.9 110.2)
    (descr "SOT-363, SC-70-6")
    (tags "SOT-363 SC-70-6")
    (path /5C91E58D)
    (attr smd)
    (fp_text reference Q1 (at 0 2.1) (layer F.SilkS)
      (effects (font (size 1 1) (thickness 0.15)))
    )
    (fp_text value NTJD4001N (at 0 2 180) (layer F.Fab)
      (effects (font (size 1 1) (thickness 0.15)))
    )
    (fp_text user %R (at 0 0 90) (layer F.Fab)
      (effects (font (size 0.5 0.5) (thickness 0.075)))
    )
    (fp_line (start 0.7 -1.16) (end -1.2 -1.16) (layer F.SilkS) (width 0.12))
    (fp_line (start -0.7 1.16) (end 0.7 1.16) (layer F.SilkS) (width 0.12))
    (fp_line (start 1.6 1.4) (end 1.6 -1.4) (layer F.CrtYd) (width 0.05))
    (fp_line (start -1.6 -1.4) (end -1.6 1.4) (layer F.CrtYd) (width 0.05))
    (fp_line (start -1.6 -1.4) (end 1.6 -1.4) (layer F.CrtYd) (width 0.05))
    (fp_line (start 0.675 -1.1) (end -0.175 -1.1) (layer F.Fab) (width 0.1))
    (fp_line (start -0.675 -0.6) (end -0.675 1.1) (layer F.Fab) (width 0.1))
    (fp_line (start -1.6 1.4) (end 1.6 1.4) (layer F.CrtYd) (width 0.05))
    (fp_line (start 0.675 -1.1) (end 0.675 1.1) (layer F.Fab) (width 0.1))
    (fp_line (start 0.675 1.1) (end -0.675 1.1) (layer F.Fab) (width 0.1))
    (fp_line (start -0.175 -1.1) (end -0.675 -0.6) (layer F.Fab) (width 0.1))
    (pad 1 smd rect (at -0.95 -0.65) (size 0.65 0.4) (layers F.Cu F.Paste F.Mask)
      (net 2 GND))
    (pad 3 smd rect (at -0.95 0.65) (size 0.65 0.4) (layers F.Cu F.Paste F.Mask)
      (net 21 "Net-(D7-Pad1)"))
    (pad 5 smd rect (at 0.95 0) (size 0.65 0.4) (layers F.Cu F.Paste F.Mask)
      (net 14 /LED_850))
    (pad 2 smd rect (at -0.95 0) (size 0.65 0.4) (layers F.Cu F.Paste F.Mask)
      (net 13 /LED_940))
    (pad 4 smd rect (at 0.95 0.65) (size 0.65 0.4) (layers F.Cu F.Paste F.Mask)
      (net 2 GND))
    (pad 6 smd rect (at 0.95 -0.65) (size 0.65 0.4) (layers F.Cu F.Paste F.Mask)
      (net 22 "Net-(D7-Pad3)"))
    (model ${KISYS3DMOD}/Package_TO_SOT_SMD.3dshapes/SOT-363_SC-70-6.wrl
      (at (xyz 0 0 0))
      (scale (xyz 1 1 1))
      (rotate (xyz 0 0 0))
    )
  )

  (module Resistor_SMD:R_0603_1608Metric (layer F.Cu) (tedit 5B301BBD) (tstamp 5CA85358)
    (at 247.2 105.3 270)
    (descr "Resistor SMD 0603 (1608 Metric), square (rectangular) end terminal, IPC_7351 nominal, (Body size source: http://www.tortai-tech.com/upload/download/2011102023233369053.pdf), generated with kicad-footprint-generator")
    (tags resistor)
    (path /5D25BF6E)
    (attr smd)
    (fp_text reference R1 (at 0 1.4 270) (layer F.SilkS)
      (effects (font (size 1 1) (thickness 0.15)))
    )
    (fp_text value 1k (at 0 1.43 270) (layer F.Fab)
      (effects (font (size 1 1) (thickness 0.15)))
    )
    (fp_text user %R (at 0 0 270) (layer F.Fab)
      (effects (font (size 0.4 0.4) (thickness 0.06)))
    )
    (fp_line (start 1.48 0.73) (end -1.48 0.73) (layer F.CrtYd) (width 0.05))
    (fp_line (start 1.48 -0.73) (end 1.48 0.73) (layer F.CrtYd) (width 0.05))
    (fp_line (start -1.48 -0.73) (end 1.48 -0.73) (layer F.CrtYd) (width 0.05))
    (fp_line (start -1.48 0.73) (end -1.48 -0.73) (layer F.CrtYd) (width 0.05))
    (fp_line (start -0.162779 0.51) (end 0.162779 0.51) (layer F.SilkS) (width 0.12))
    (fp_line (start -0.162779 -0.51) (end 0.162779 -0.51) (layer F.SilkS) (width 0.12))
    (fp_line (start 0.8 0.4) (end -0.8 0.4) (layer F.Fab) (width 0.1))
    (fp_line (start 0.8 -0.4) (end 0.8 0.4) (layer F.Fab) (width 0.1))
    (fp_line (start -0.8 -0.4) (end 0.8 -0.4) (layer F.Fab) (width 0.1))
    (fp_line (start -0.8 0.4) (end -0.8 -0.4) (layer F.Fab) (width 0.1))
    (pad 2 smd roundrect (at 0.7875 0 270) (size 0.875 0.95) (layers F.Cu F.Paste F.Mask) (roundrect_rratio 0.25)
      (net 3 "Net-(D1-Pad2)"))
    (pad 1 smd roundrect (at -0.7875 0 270) (size 0.875 0.95) (layers F.Cu F.Paste F.Mask) (roundrect_rratio 0.25)
      (net 11 /LED_READY))
    (model ${KISYS3DMOD}/Resistor_SMD.3dshapes/R_0603_1608Metric.wrl
      (at (xyz 0 0 0))
      (scale (xyz 1 1 1))
      (rotate (xyz 0 0 0))
    )
  )

  (module Resistor_SMD:R_0603_1608Metric (layer F.Cu) (tedit 5B301BBD) (tstamp 5CA85369)
    (at 251.4 105.4 270)
    (descr "Resistor SMD 0603 (1608 Metric), square (rectangular) end terminal, IPC_7351 nominal, (Body size source: http://www.tortai-tech.com/upload/download/2011102023233369053.pdf), generated with kicad-footprint-generator")
    (tags resistor)
    (path /5D6666C3)
    (attr smd)
    (fp_text reference R2 (at 0 1.4 270) (layer F.SilkS)
      (effects (font (size 1 1) (thickness 0.15)))
    )
    (fp_text value 1k (at 0 1.43 270) (layer F.Fab)
      (effects (font (size 1 1) (thickness 0.15)))
    )
    (fp_line (start -0.8 0.4) (end -0.8 -0.4) (layer F.Fab) (width 0.1))
    (fp_line (start -0.8 -0.4) (end 0.8 -0.4) (layer F.Fab) (width 0.1))
    (fp_line (start 0.8 -0.4) (end 0.8 0.4) (layer F.Fab) (width 0.1))
    (fp_line (start 0.8 0.4) (end -0.8 0.4) (layer F.Fab) (width 0.1))
    (fp_line (start -0.162779 -0.51) (end 0.162779 -0.51) (layer F.SilkS) (width 0.12))
    (fp_line (start -0.162779 0.51) (end 0.162779 0.51) (layer F.SilkS) (width 0.12))
    (fp_line (start -1.48 0.73) (end -1.48 -0.73) (layer F.CrtYd) (width 0.05))
    (fp_line (start -1.48 -0.73) (end 1.48 -0.73) (layer F.CrtYd) (width 0.05))
    (fp_line (start 1.48 -0.73) (end 1.48 0.73) (layer F.CrtYd) (width 0.05))
    (fp_line (start 1.48 0.73) (end -1.48 0.73) (layer F.CrtYd) (width 0.05))
    (fp_text user %R (at 0 0 270) (layer F.Fab)
      (effects (font (size 0.4 0.4) (thickness 0.06)))
    )
    (pad 1 smd roundrect (at -0.7875 0 270) (size 0.875 0.95) (layers F.Cu F.Paste F.Mask) (roundrect_rratio 0.25)
      (net 12 /LED_BOOT))
    (pad 2 smd roundrect (at 0.7875 0 270) (size 0.875 0.95) (layers F.Cu F.Paste F.Mask) (roundrect_rratio 0.25)
      (net 4 "Net-(D2-Pad2)"))
    (model ${KISYS3DMOD}/Resistor_SMD.3dshapes/R_0603_1608Metric.wrl
      (at (xyz 0 0 0))
      (scale (xyz 1 1 1))
      (rotate (xyz 0 0 0))
    )
  )

  (module Resistor_SMD:R_0603_1608Metric (layer F.Cu) (tedit 5B301BBD) (tstamp 5C9E04DC)
    (at 211.2 145.2)
    (descr "Resistor SMD 0603 (1608 Metric), square (rectangular) end terminal, IPC_7351 nominal, (Body size source: http://www.tortai-tech.com/upload/download/2011102023233369053.pdf), generated with kicad-footprint-generator")
    (tags resistor)
    (path /5C88BFEA)
    (attr smd)
    (fp_text reference R3 (at 0 1.5) (layer F.SilkS)
      (effects (font (size 1 1) (thickness 0.15)))
    )
    (fp_text value 3R3 (at 0 1.43) (layer F.Fab)
      (effects (font (size 1 1) (thickness 0.15)))
    )
    (fp_text user %R (at 0 0) (layer F.Fab)
      (effects (font (size 0.4 0.4) (thickness 0.06)))
    )
    (fp_line (start 1.48 0.73) (end -1.48 0.73) (layer F.CrtYd) (width 0.05))
    (fp_line (start 1.48 -0.73) (end 1.48 0.73) (layer F.CrtYd) (width 0.05))
    (fp_line (start -1.48 -0.73) (end 1.48 -0.73) (layer F.CrtYd) (width 0.05))
    (fp_line (start -1.48 0.73) (end -1.48 -0.73) (layer F.CrtYd) (width 0.05))
    (fp_line (start -0.162779 0.51) (end 0.162779 0.51) (layer F.SilkS) (width 0.12))
    (fp_line (start -0.162779 -0.51) (end 0.162779 -0.51) (layer F.SilkS) (width 0.12))
    (fp_line (start 0.8 0.4) (end -0.8 0.4) (layer F.Fab) (width 0.1))
    (fp_line (start 0.8 -0.4) (end 0.8 0.4) (layer F.Fab) (width 0.1))
    (fp_line (start -0.8 -0.4) (end 0.8 -0.4) (layer F.Fab) (width 0.1))
    (fp_line (start -0.8 0.4) (end -0.8 -0.4) (layer F.Fab) (width 0.1))
    (pad 2 smd roundrect (at 0.7875 0) (size 0.875 0.95) (layers F.Cu F.Paste F.Mask) (roundrect_rratio 0.25)
      (net 1 +5V))
    (pad 1 smd roundrect (at -0.7875 0) (size 0.875 0.95) (layers F.Cu F.Paste F.Mask) (roundrect_rratio 0.25)
      (net 15 "Net-(D3-Pad2)"))
    (model ${KISYS3DMOD}/Resistor_SMD.3dshapes/R_0603_1608Metric.wrl
      (at (xyz 0 0 0))
      (scale (xyz 1 1 1))
      (rotate (xyz 0 0 0))
    )
  )

  (module Resistor_SMD:R_0603_1608Metric (layer F.Cu) (tedit 5B301BBD) (tstamp 5CCFD132)
    (at 211.2 143.6)
    (descr "Resistor SMD 0603 (1608 Metric), square (rectangular) end terminal, IPC_7351 nominal, (Body size source: http://www.tortai-tech.com/upload/download/2011102023233369053.pdf), generated with kicad-footprint-generator")
    (tags resistor)
    (path /5C8D8769)
    (attr smd)
    (fp_text reference R4 (at 0 -1.43) (layer F.SilkS)
      (effects (font (size 1 1) (thickness 0.15)))
    )
    (fp_text value 3R3 (at 0 1.43) (layer F.Fab)
      (effects (font (size 1 1) (thickness 0.15)))
    )
    (fp_line (start -0.8 0.4) (end -0.8 -0.4) (layer F.Fab) (width 0.1))
    (fp_line (start -0.8 -0.4) (end 0.8 -0.4) (layer F.Fab) (width 0.1))
    (fp_line (start 0.8 -0.4) (end 0.8 0.4) (layer F.Fab) (width 0.1))
    (fp_line (start 0.8 0.4) (end -0.8 0.4) (layer F.Fab) (width 0.1))
    (fp_line (start -0.162779 -0.51) (end 0.162779 -0.51) (layer F.SilkS) (width 0.12))
    (fp_line (start -0.162779 0.51) (end 0.162779 0.51) (layer F.SilkS) (width 0.12))
    (fp_line (start -1.48 0.73) (end -1.48 -0.73) (layer F.CrtYd) (width 0.05))
    (fp_line (start -1.48 -0.73) (end 1.48 -0.73) (layer F.CrtYd) (width 0.05))
    (fp_line (start 1.48 -0.73) (end 1.48 0.73) (layer F.CrtYd) (width 0.05))
    (fp_line (start 1.48 0.73) (end -1.48 0.73) (layer F.CrtYd) (width 0.05))
    (fp_text user %R (at 0 0) (layer F.Fab)
      (effects (font (size 0.4 0.4) (thickness 0.06)))
    )
    (pad 1 smd roundrect (at -0.7875 0) (size 0.875 0.95) (layers F.Cu F.Paste F.Mask) (roundrect_rratio 0.25)
      (net 16 "Net-(D3-Pad4)"))
    (pad 2 smd roundrect (at 0.7875 0) (size 0.875 0.95) (layers F.Cu F.Paste F.Mask) (roundrect_rratio 0.25)
      (net 1 +5V))
    (model ${KISYS3DMOD}/Resistor_SMD.3dshapes/R_0603_1608Metric.wrl
      (at (xyz 0 0 0))
      (scale (xyz 1 1 1))
      (rotate (xyz 0 0 0))
    )
  )

  (module Resistor_SMD:R_0603_1608Metric (layer F.Cu) (tedit 5B301BBD) (tstamp 5CA8539C)
    (at 214.3 145.2 180)
    (descr "Resistor SMD 0603 (1608 Metric), square (rectangular) end terminal, IPC_7351 nominal, (Body size source: http://www.tortai-tech.com/upload/download/2011102023233369053.pdf), generated with kicad-footprint-generator")
    (tags resistor)
    (path /5C8D87A7)
    (attr smd)
    (fp_text reference R5 (at 0 -1.43 180) (layer F.SilkS)
      (effects (font (size 1 1) (thickness 0.15)))
    )
    (fp_text value 3R3 (at 0 1.43 180) (layer F.Fab)
      (effects (font (size 1 1) (thickness 0.15)))
    )
    (fp_text user %R (at 0 0 180) (layer F.Fab)
      (effects (font (size 0.4 0.4) (thickness 0.06)))
    )
    (fp_line (start 1.48 0.73) (end -1.48 0.73) (layer F.CrtYd) (width 0.05))
    (fp_line (start 1.48 -0.73) (end 1.48 0.73) (layer F.CrtYd) (width 0.05))
    (fp_line (start -1.48 -0.73) (end 1.48 -0.73) (layer F.CrtYd) (width 0.05))
    (fp_line (start -1.48 0.73) (end -1.48 -0.73) (layer F.CrtYd) (width 0.05))
    (fp_line (start -0.162779 0.51) (end 0.162779 0.51) (layer F.SilkS) (width 0.12))
    (fp_line (start -0.162779 -0.51) (end 0.162779 -0.51) (layer F.SilkS) (width 0.12))
    (fp_line (start 0.8 0.4) (end -0.8 0.4) (layer F.Fab) (width 0.1))
    (fp_line (start 0.8 -0.4) (end 0.8 0.4) (layer F.Fab) (width 0.1))
    (fp_line (start -0.8 -0.4) (end 0.8 -0.4) (layer F.Fab) (width 0.1))
    (fp_line (start -0.8 0.4) (end -0.8 -0.4) (layer F.Fab) (width 0.1))
    (pad 2 smd roundrect (at 0.7875 0 180) (size 0.875 0.95) (layers F.Cu F.Paste F.Mask) (roundrect_rratio 0.25)
      (net 1 +5V))
    (pad 1 smd roundrect (at -0.7875 0 180) (size 0.875 0.95) (layers F.Cu F.Paste F.Mask) (roundrect_rratio 0.25)
      (net 18 "Net-(D4-Pad2)"))
    (model ${KISYS3DMOD}/Resistor_SMD.3dshapes/R_0603_1608Metric.wrl
      (at (xyz 0 0 0))
      (scale (xyz 1 1 1))
      (rotate (xyz 0 0 0))
    )
  )

  (module Resistor_SMD:R_0603_1608Metric (layer F.Cu) (tedit 5B301BBD) (tstamp 5CA853AD)
    (at 214.3 143.6 180)
    (descr "Resistor SMD 0603 (1608 Metric), square (rectangular) end terminal, IPC_7351 nominal, (Body size source: http://www.tortai-tech.com/upload/download/2011102023233369053.pdf), generated with kicad-footprint-generator")
    (tags resistor)
    (path /5C8D87E5)
    (attr smd)
    (fp_text reference R6 (at 0 1.4 180) (layer F.SilkS)
      (effects (font (size 1 1) (thickness 0.15)))
    )
    (fp_text value 3R3 (at 0 1.43 180) (layer F.Fab)
      (effects (font (size 1 1) (thickness 0.15)))
    )
    (fp_line (start -0.8 0.4) (end -0.8 -0.4) (layer F.Fab) (width 0.1))
    (fp_line (start -0.8 -0.4) (end 0.8 -0.4) (layer F.Fab) (width 0.1))
    (fp_line (start 0.8 -0.4) (end 0.8 0.4) (layer F.Fab) (width 0.1))
    (fp_line (start 0.8 0.4) (end -0.8 0.4) (layer F.Fab) (width 0.1))
    (fp_line (start -0.162779 -0.51) (end 0.162779 -0.51) (layer F.SilkS) (width 0.12))
    (fp_line (start -0.162779 0.51) (end 0.162779 0.51) (layer F.SilkS) (width 0.12))
    (fp_line (start -1.48 0.73) (end -1.48 -0.73) (layer F.CrtYd) (width 0.05))
    (fp_line (start -1.48 -0.73) (end 1.48 -0.73) (layer F.CrtYd) (width 0.05))
    (fp_line (start 1.48 -0.73) (end 1.48 0.73) (layer F.CrtYd) (width 0.05))
    (fp_line (start 1.48 0.73) (end -1.48 0.73) (layer F.CrtYd) (width 0.05))
    (fp_text user %R (at 0 0 180) (layer F.Fab)
      (effects (font (size 0.4 0.4) (thickness 0.06)))
    )
    (pad 1 smd roundrect (at -0.7875 0 180) (size 0.875 0.95) (layers F.Cu F.Paste F.Mask) (roundrect_rratio 0.25)
      (net 17 "Net-(D4-Pad4)"))
    (pad 2 smd roundrect (at 0.7875 0 180) (size 0.875 0.95) (layers F.Cu F.Paste F.Mask) (roundrect_rratio 0.25)
      (net 1 +5V))
    (model ${KISYS3DMOD}/Resistor_SMD.3dshapes/R_0603_1608Metric.wrl
      (at (xyz 0 0 0))
      (scale (xyz 1 1 1))
      (rotate (xyz 0 0 0))
    )
  )

  (module Resistor_SMD:R_0603_1608Metric (layer F.Cu) (tedit 5B301BBD) (tstamp 5CA853CF)
    (at 231.3 102.6 90)
    (descr "Resistor SMD 0603 (1608 Metric), square (rectangular) end terminal, IPC_7351 nominal, (Body size source: http://www.tortai-tech.com/upload/download/2011102023233369053.pdf), generated with kicad-footprint-generator")
    (tags resistor)
    (path /5C89F9C9)
    (attr smd)
    (fp_text reference R8 (at 0 1.5 90) (layer F.SilkS)
      (effects (font (size 1 1) (thickness 0.15)))
    )
    (fp_text value 10k (at 0 1.43 90) (layer F.Fab)
      (effects (font (size 1 1) (thickness 0.15)))
    )
    (fp_text user %R (at 0 0 90) (layer F.Fab)
      (effects (font (size 0.4 0.4) (thickness 0.06)))
    )
    (fp_line (start 1.48 0.73) (end -1.48 0.73) (layer F.CrtYd) (width 0.05))
    (fp_line (start 1.48 -0.73) (end 1.48 0.73) (layer F.CrtYd) (width 0.05))
    (fp_line (start -1.48 -0.73) (end 1.48 -0.73) (layer F.CrtYd) (width 0.05))
    (fp_line (start -1.48 0.73) (end -1.48 -0.73) (layer F.CrtYd) (width 0.05))
    (fp_line (start -0.162779 0.51) (end 0.162779 0.51) (layer F.SilkS) (width 0.12))
    (fp_line (start -0.162779 -0.51) (end 0.162779 -0.51) (layer F.SilkS) (width 0.12))
    (fp_line (start 0.8 0.4) (end -0.8 0.4) (layer F.Fab) (width 0.1))
    (fp_line (start 0.8 -0.4) (end 0.8 0.4) (layer F.Fab) (width 0.1))
    (fp_line (start -0.8 -0.4) (end 0.8 -0.4) (layer F.Fab) (width 0.1))
    (fp_line (start -0.8 0.4) (end -0.8 -0.4) (layer F.Fab) (width 0.1))
    (pad 2 smd roundrect (at 0.7875 0 90) (size 0.875 0.95) (layers F.Cu F.Paste F.Mask) (roundrect_rratio 0.25)
      (net 2 GND))
    (pad 1 smd roundrect (at -0.7875 0 90) (size 0.875 0.95) (layers F.Cu F.Paste F.Mask) (roundrect_rratio 0.25)
      (net 14 /LED_850))
    (model ${KISYS3DMOD}/Resistor_SMD.3dshapes/R_0603_1608Metric.wrl
      (at (xyz 0 0 0))
      (scale (xyz 1 1 1))
      (rotate (xyz 0 0 0))
    )
  )

  (module LED_SMD:LED_0805_2012Metric (layer F.Cu) (tedit 5B36C52C) (tstamp 5C909DAC)
    (at 247.2 108.6 90)
    (descr "LED SMD 0805 (2012 Metric), square (rectangular) end terminal, IPC_7351 nominal, (Body size source: https://docs.google.com/spreadsheets/d/1BsfQQcO9C6DZCsRaXUlFlo91Tg2WpOkGARC1WS5S8t0/edit?usp=sharing), generated with kicad-footprint-generator")
    (tags diode)
    (path /5D25BF75)
    (attr smd)
    (fp_text reference D1 (at 0 -1.65 90) (layer F.SilkS)
      (effects (font (size 1 1) (thickness 0.15)))
    )
    (fp_text value "GREEN LED" (at 0 1.65 90) (layer F.Fab)
      (effects (font (size 1 1) (thickness 0.15)))
    )
    (fp_text user %R (at 0 0 90) (layer F.Fab)
      (effects (font (size 0.5 0.5) (thickness 0.08)))
    )
    (fp_line (start 1.68 0.95) (end -1.68 0.95) (layer F.CrtYd) (width 0.05))
    (fp_line (start 1.68 -0.95) (end 1.68 0.95) (layer F.CrtYd) (width 0.05))
    (fp_line (start -1.68 -0.95) (end 1.68 -0.95) (layer F.CrtYd) (width 0.05))
    (fp_line (start -1.68 0.95) (end -1.68 -0.95) (layer F.CrtYd) (width 0.05))
    (fp_line (start -1.685 0.96) (end 1 0.96) (layer F.SilkS) (width 0.12))
    (fp_line (start -1.685 -0.96) (end -1.685 0.96) (layer F.SilkS) (width 0.12))
    (fp_line (start 1 -0.96) (end -1.685 -0.96) (layer F.SilkS) (width 0.12))
    (fp_line (start 1 0.6) (end 1 -0.6) (layer F.Fab) (width 0.1))
    (fp_line (start -1 0.6) (end 1 0.6) (layer F.Fab) (width 0.1))
    (fp_line (start -1 -0.3) (end -1 0.6) (layer F.Fab) (width 0.1))
    (fp_line (start -0.7 -0.6) (end -1 -0.3) (layer F.Fab) (width 0.1))
    (fp_line (start 1 -0.6) (end -0.7 -0.6) (layer F.Fab) (width 0.1))
    (pad 2 smd roundrect (at 0.9375 0 90) (size 0.975 1.4) (layers F.Cu F.Paste F.Mask) (roundrect_rratio 0.25)
      (net 3 "Net-(D1-Pad2)"))
